Point2D, [324, -374]
Point2D, [882, -588]
Point2D, [-993, 958]
Point2D, [6, -922]
Point2D, [376, 219]
Point3D, [332, -651, -39]
Line3D, [836, 177, 621], [-455, -350, 635]
Line2D, [-538, 879], [-135, 916]
Line2D, [205, -166], [363, -918]
Line2D, [-238, 943], [-527, 905]
Point2D, [600, 203]
Line3D, [732, -436, 762], [-81, 643, 239]
Line3D, [-58, -503, 803], [603, 332, -900]
Point3D, [-169, -679, -736]
Point3D, [21, 603, -214]
Point2D, [425, -676]
Point3D, [942, 117, 539]
Line3D, [-716, -971, -945], [-195, -605, -249]
Point3D, [-651, -842, 753]
Line2D, [-723, -770], [-757, -243]
Line3D, [-409, -197, -323], [904, 382, -271]
Line2D, [-723, -770], [-757, -243]
Line2D, [-538, 880], [-135, 917]
Line2D, [-723, -771], [-757, -244]
Line3D, [-58, -504, 803], [603, 333, -900]
Line3D, [-58, -504, 804], [603, 333, -901]